186.000000 -1 -1 49  
64.000000 -1 -1 44 A
13.000000 -1 -1 32 B
22.000000 -1 -1 36 C
32.000000 -1 -1 38 D
103.000000 -1 -1 47 E
21.000000 -1 -1 35 F
15.000000 -1 -1 32 G
47.000000 -1 -1 40 H
57.000000 -1 -1 42 I
1.000000 -1 -1 27 J
5.000000 -1 -1 30 K
32.000000 -1 -1 38 L
20.000000 -1 -1 35 M
57.000000 -1 -1 42 N
63.000000 -1 -1 43 O
15.000000 -1 -1 33 P
1.000000 -1 -1 27 Q
48.000000 -1 -1 41 R
51.000000 -1 -1 41 S
80.000000 -1 -1 45 T
23.000000 -1 -1 36 U
8.000000 -1 -1 31 V
18.000000 -1 -1 34 W
1.000000 -1 -1 28 X
16.000000 -1 -1 33 Y
1.000000 -1 -1 28 Z
2.000000 10 17 29 
2.000000 24 26 29 
4.000000 27 28 30 
9.000000 29 11 31 
17.000000 22 30 34 
28.000000 2 7 37 
31.000000 16 25 37 
35.000000 31 23 39 
41.000000 13 6 39 
45.000000 3 21 40 
59.000000 32 33 43 
64.000000 4 12 44 
76.000000 34 35 45 
92.000000 36 8 46 
99.000000 18 19 46 
114.000000 9 14 47 
122.000000 37 15 48 
128.000000 1 38 48 
156.000000 39 20 49 
191.000000 40 41 50 
217.000000 5 42 50 
250.000000 43 44 51 
342.000000 45 0 51 
408.000000 46 47 52 
592.000000 48 49 52 
1000.000000 50 51 -1 
